[0.7633476264097634, 0.933464870314232, 0.28552093346737534, 0.6026335528965705, 0.66720365583686, 0.5791167109155074, 0.4734436628740413, 0.19508675910417916, 0.11423668422017869, 0.49983222236284325, 0.06271963423679762, 0.1989568539105735, 0.29664231801012236, 0.2986014867078241, 0.3909738684120358, 0.11636987058953656, 0.64517152221763, 0.3717935149294209, 0.5357973343416202, 0.20245946152860964]
mIoU: 0.4116686271642861
[0.8763344586527629, 0.9698949149120213, 0.46188565564797157, 0.7476193539603627, 0.8017584626988595, 0.7027903489872791, 0.6894397938761159, 0.31888540748087996, 0.2120851005875715, 0.6406103048845819, 0.09604677578533788, 0.27802762922479785, 0.4259395454166173, 0.4861744249654849, 0.5238345075700794, 0.34615384615384615, 0.8117721044420526, 0.547106633571811, 0.8291691047396138, 0.28023531042952077]
mA: 0.5522881841993785
oA: 0.8044856519101867
