[0.7611830946181651, 0.9330366531584545, 0.28200646173858945, 0.5991176083086254, 0.6763198173412013, 0.6028272864401397, 0.4668287032758504, 0.1984427076511083, 0.11406640566521346, 0.5093084534308453, 0.045981264728221706, 0.22212852441114464, 0.26874596218225344, 0.25561107323549465, 0.40174464366952867, 0.1463548199049621, 0.6044694586988909, 0.34462058514978433, 0.5218624688674981, 0.19051689231767585]
mIoU: 0.40725864423968244
[0.8735627421180819, 0.9691551564316782, 0.4209025464080426, 0.7959788214137709, 0.7669215128684184, 0.797542476245994, 0.6691563735355125, 0.30413957091935445, 0.24460095723569011, 0.7047033298015453, 0.08792804871236244, 0.3579675996988747, 0.37293457189484774, 0.3711284482534059, 0.5212299505321542, 0.27258669474238334, 0.8832343657406847, 0.5755584756898817, 0.7938706846108835, 0.28145246749130953]
mA: 0.5532277397172438
oA: 0.802967840898192
