[0.7760318866559978, 0.9271891922641081, 0.2777506183275954, 0.6062657698847931, 0.6787480921009397, 0.6108210488230954, 0.43355690699205435, 0.16145171838568423, 0.11187046139990388, 0.5180863558580694, 0.03378174023958867, 0.14287453994371077, 0.28414741412904304, 0.3044675599269408, 0.381081532170575, 0.21523407190275023, 0.6271706196278022, 0.34212283472655597, 0.5697508272335305, 0.16841052049518526]
mIoU: 0.40854068555439615
[0.9051595029679217, 0.9671580054536019, 0.5313044900457156, 0.6923524597889622, 0.8209980360585859, 0.7358930022674129, 0.5874177441842751, 0.20264818331472012, 0.14379450562278687, 0.6636418290693937, 0.04783717855613281, 0.2064663727110077, 0.495231201814763, 0.4201170908333116, 0.5133975415979614, 0.32855168783312494, 0.82859457955906, 0.518683992797002, 0.6649648917495612, 0.21687084666197895]
mA: 0.5245541571443639
oA: 0.8092059844606159
