[0.762463809817443, 0.9285755843213233, 0.27688888254463534, 0.5942479361193006, 0.6735004900212492, 0.5740380774863534, 0.45039846221297264, 0.18623924901340877, 0.20786808506894033, 0.48911107785764957, 0.04898373288647219, 0.2198153287688688, 0.2838491450609104, 0.26651236999247746, 0.4132870843940594, 0.14990909237180416, 0.5836670983456119, 0.31373937677053826, 0.5592897497982243, 0.2040252852362629]
mIoU: 0.4093204959044253
[0.8718685300570549, 0.9701007607500298, 0.43493773131477803, 0.7363912323405809, 0.8058477162457282, 0.7075982622190187, 0.622593041111073, 0.3246478234425491, 0.34472158449745127, 0.6371846688651055, 0.08001415190957675, 0.3457466050076748, 0.48217158359028894, 0.39107231238115087, 0.5034477589566781, 0.30654076462459695, 0.8230435255844328, 0.5821287779237845, 0.7602691632533646, 0.28592495023422104]
mA: 0.5508125472154569
oA: 0.8014828272051315
